12 11 14 13 10 8 20 10 18 6 18 10 3 1 6 15 5 10 9 1
19 12 12 16 1 17 5 3 3 6 17 11 8 4 20 6 9 7 2 6
16 20 8 2 5 6 17 11 9 1 8 8 7 12 4 4 14 18 10 16
1 4 10 12 5 20 8 6 18 9 19 2 8 15 17 1 18 11 7 5
8 9 2 19 6 7 2 5 17 12 10 16 19 14 16 13 20 1 15 12
5 5 4 16 7 14 1 6 7 1 4 8 2 6 15 12 8 16 11 18
14 14 1 11 2 17 9 16 13 8 8 10 1 19 17 7 18 18 20 6
17 15 4 8 9 9 4 12 20 17 13 14 1 13 18 3 16 2 3 19
3 16 17 16 12 4 14 3 4 15 6 17 9 20 2 3 16 13 14 8
5 7 16 15 10 3 6 1 3 2 11 4 13 9 10 8 11 16 13 20
9 13 10 17 9 11 14 18 6 2 1 19 8 5 5 2 7 12 12 10
13 18 20 5 3 10 12 1 17 3 19 16 15 2 9 13 7 4 1 6
18 6 8 1 15 2 13 9 4 16 3 6 17 5 16 14 8 20 17 2
4 14 9 18 18 1 9 1 12 3 7 16 5 13 10 17 4 15 19 6
10 12 4 12 18 19 15 13 8 14 12 7 20 13 11 19 6 3 12 1
6 16 5 3 16 18 10 17 8 7 15 12 10 11 1 2 13 3 8 9
2 10 18 5 8 15 2 4 1 4 11 8 16 3 13 9 9 14 6 6
19 17 11 19 20 13 16 7 3 10 14 15 6 5 8 4 2 1 12 4
4 6 15 7 2 2 6 20 10 17 2 1 13 8 12 16 15 5 2 11
2 1 13 6 4 10 19 14 7 18 20 13 17 5 3 19 12 8 5 15