145 5 12 1 6 2 1 10 4 5 11 15 3 8
5 6 6 7 3 12 14 10 12 15 13 2 8 2 1
14 9 14 5 2 11 2 2 15 7 10 7 3 12 13
13 8 13 3 11 4 12 15 12 5 9 5 6 1 6
9 11 8 1 9 15 10 1 5 14 5 4 5 2 7
15 12 13 2 12 10 2 7 1 9 11 8 14 2 6
6 12 7 6 4 13 9 13 8 2 5 3 11 15 11
2 4 2 9 1 7 13 11 2 8 5 5 10 5 3
4 2 10 14 13 6 3 4 7 11 14 7 12	5 9
7 15 4 10 4 2 6 8 7 13 14 12 2 11 15
6 10 15 7 14	9	14	5	1	1	2	3	7	8	2
12	15	6	8	9	3	11	2	1	7	4	13	3	10	14
11	2	13	1	15	13	5	1	14	12	3	12	9	6	2
3	1	1	13	7	5	2	12	10	10	2	6	2	8	11
10	1	11	15	1	13	4	14	2	6	12	3	3	7	2