13 8 12 6 2 12 14 12 16 16 15 11 4 9 4 1 10 
8 7 10 2 5 6 10 13 12 4 3 9 16 3 15 1 17 
1 8 11 12 5 1 6 15 2 16 3 4 9 15 17 8 13 
14 2 8 9 1 7 11 3 13 12 10 1 5 1 2 15 17 
12 17 15 12 6 4 2 11 3 9 3 5 7 12 10 12 16 
13 1 9 4 11 11 2 3 14 14 6 16 13 8 7 17 12 
15 13 1 2 8 12 15 7 17 3 3 6 4 13 9 13 14 
5 11 7 13 2 8 9 16 15 10 17 8 2 3 6 12 11 
12 5 1 14 7 11 12 6 17 16 3 10 2 2 15 11 4 
17 3 14 10 10 9 4 17 11 17 5 8 12 16 13 7 9 
11 9 6 15 14 1 16 17 7 1 11 2 3 2 12 10 5 
16 3 17 6 15 3 6 4 2 13 2 12 2 14 5 11 9 
17 16 5 10 10 1 13 12 4 10 7 15 14 5 3 5 1 
10 3 16 5 12 14 7 7 9 6 9 13 9 17 11 4 2 
1 13 4 2 17 2 1 14 5 12 12 7 6 15 16 7 15 
4 1 13 11 1 4 3 15 9 2 9 17 9 7 14 16 6 
12 2 10 12 13 16 6 9 3 14 11 3 4 1 8 1 7 
