17 28 6 5 28 28 4 23 10 30 23 11 30 15 25 4 11 13 6 14 19 2 24 2 22 15 1 10 20 24
8 19 25 22 10 14 24 30 2 6 17 26 29 27 23 28 21 12 5 27 6 25 2 13 16 1 28 15 11 3
5 17 29 28 15 20 9 22 13 2 8 2 20 19 30 22 24 5 22 26 28 23 17 5 1 20 11 7 26 17
22 28 3 1 7 25 18 18 12 29 5 18 21 4 28 27 9 15 16 23 18 30 1 10 20 7 26 1 2 24
16 19 21 24 19 21 8 4 10 3 27 12 24 21 18 25 19 7 10 30 27 6 5 8 11 26 10 4 13 9
7 27 16 11 4 30 5 3 30 21 16 4 9 14 20 23 8 5 20 17 25 30 22 7 26 5 13 28 11 17
20 25 9 30 28 6 20 21 7 1 1 15 13 27 3 30 15 4 11 18 23 29 16 18 2 13 28 14 10 2
11 17 17 2 8 18 16 2 19 9 29 7 8 29 21 2 22 28 4 29 28 3 1 4 16 12 10 7 15 5
12 30 8 15 27 6 1 9 4 1 11 19 20 23 7 18 16 14 2 27 6 30 20 16 12 1 15 25 7 2
2 6 15 12 25 3 20 17 27 8 27 4 22 30 9 29 30 27 21 21 18 24 14 14 10 15 7 23 9 16
20 18 22 5 23 21 4 8 14 5 2 28 16 5 17 20 20 16 12 24 21 9 26 27 22 7 26 30 4 1
12 8 16 15 27 24 26 23 27 22 10 14 15 18 8 21 11 23 10 14 3 11 2 14 7 15 4 6 7 20
10 3 1 7 6 30 2 22 20 16 12 19 20 29 17 24 30 30 16 17 21 8 13 23 19 4 28 22 14 7
23 21 20 2 18 17 13 23 23 1 10 25 13 3 22 7 2 14 7 8 27 5 3 30 4 3 14 29 27 26
7 24 21 4 29 21 12 1 30 12 15 22 26 21 15 17 13 18 19 13 9 22 10 13 28 14 27 3 15 2
19 11 26 28 6 5 10 4 6 11 12 30 10 24 1 30 12 28 4 22 13 16 26 18 14 6 25 26 23 13
7 17 2 24 21 30 15 11 18 5 19 6 13 27 20 5 8 3 28 17 8 24 7 30 27 25 27 24 30 17
28 8 19 27 24 16 9 26 30 2 4 18 28 17 11 22 15 21 5 1 5 20 19 3 25 26 30 9 6 10
14 28 12 25 27 1 19 2 3 1 28 12 10 3 26 17 7 26 27 20 21 11 7 21 18 30 17 17 18 14
27 22 25 23 17 20 4 13 6 12 14 3 15 5 2 1 12 9 25 2 16 26 28 30 30 6 18 23 29 7
10 16 15 27 8 28 28 8 24 10 27 14 7 22 23 20 4 16 23 26 9 2 14 9 19 18 29 5 7 19
23 1 29 6 5 26 15 10 22 15 29 24 19 16 12 1 28 8 22 2 20 8 27 5 18 29 10 22 21 16
30 17 19 18 27 2 27 15 17 16 23 9 16 1 21 26 30 5 6 13 19 12 30 8 21 3 21 16 5 28
6 11 4 6 16 10 25 28 8 19 10 17 28 20 15 2 27 26 18 2 26 10 23 5 3 18 24 1 9 14
30 26 8 3 1 12 26 19 2 4 6 8 14 1 7 1 25 16 21 10 2 16 30 8 21 24 9 17 17 7
29 11 14 21 10 10 30 4 22 28 5 5 28 26 19 12 7 1 3 22 13 7 6 16 24 5 17 11 13 25
3 13 26 24 11 16 6 28 16 21 29 22 25 18 4 10 30 29 21 7 12 3 18 30 9 17 21 26 5 23
5 12 25 22 26 7 18 17 1 27 4 16 13 13 28 12 6 11 19 19 26 4 17 20 17 7 5 7 22 30
24 10 23 17 2 10 29 27 20 25 21 7 30 12 8 7 12 26 9 4 15 28 3 27 8 5 22 13 16 17
9 19 30 8 4 4 3 18 11 10 24 20 28 10 27 19 29 2 20 28 8 14 30 26 5 4 16 5 1 18